4.96,8.86
-0.11,14.69
-0.5,17.27
-4.49,61.14
-1.86,28.64
-4.81,65.96
-0.2,15.25
2.93,5.01
0.16,13.08
2.5,5.25
-4.21,57.02
-4.95,68.17
3.22,5.05
-4.26,57.64
-1.88,28.86
3.87,5.76
2.67,5.11
-3.43,46.35
3.05,5.0
4.57,7.45
-2.91,39.9
1.65,6.83
4.78,8.16
-0.34,16.13
4.87,8.51
-1.05,21.4
1.65,6.82
2.72,5.08
-2.78,38.38
-1.57,25.89
-0.56,17.64
-1.59,26.05
4.98,8.92
0.19,12.92
-1.29,23.42
2.6,5.16
0.69,10.36
-2.14,31.45
3.64,5.41
4.83,8.34
4.51,7.28
-1.15,22.19
-1.66,26.73
1.53,7.15
3.43,5.19
3.67,5.45
-1.59,26.04
1.4,7.57
2.87,5.02
-4.1,55.43
0.45,11.51
-4.8,65.77
-2.55,35.82
-3.86,52.01
-0.62,18.07
1.38,7.62
-3.19,43.35
-1.52,25.44
-2.02,30.23
-3.41,46.15
3.75,5.56
-3.7,49.86
2.45,5.3
-3.96,53.38
-4.39,59.55
3.88,5.78
-3.6,48.61
0.81,9.8
3.09,5.01
-0.19,15.19
0.99,9.04
-3.18,43.25
1.37,7.65
3.08,5.01
-4.22,57.07
-4.37,59.37
-3.09,42.06
-2.42,34.41
-0.5,17.25
-4.74,64.92
-1.4,24.39
0.8,9.84
4.07,6.14
-3.05,41.64
-4.12,55.65
0.11,13.32
4.49,7.23
3.92,5.84
-4.2,56.83
-0.82,19.56
-3.13,42.63
-0.7,18.71
0.51,11.19
2.9,5.01
-1.2,22.64
-2.18,31.8
3.77,5.6
3.48,5.23
-2.34,33.51
2.14,5.74
4.42,7.02
-3.6,48.6
-4.73,64.68
3.75,5.57
-4.34,58.89
1.14,8.45
-1.92,29.24
3.1,5.01
0.86,9.59
2.84,5.03
4.72,7.95
0.72,10.19
3.23,5.05
-2.62,36.54
-4.01,54.08
1.63,6.87
-3.64,49.03
-3.88,52.28
-2.1,30.97
2.06,5.89
-2.08,30.77
1.68,6.75
2.9,5.01
-0.86,19.91
0.62,10.68
4.71,7.92
-3.91,52.69
-2.76,38.14
2.53,5.22
-3.64,49.04
1.68,6.75
1.91,6.18
-2.38,33.92
-4.04,54.58
-4.03,54.42
0.47,11.41
-4.11,55.51
-0.45,16.89
0.43,11.58
-2.52,35.45
3.46,5.21
-2.44,34.64
2.62,5.15
1.68,6.73
-3.49,47.11
-4.38,59.39
-3.42,46.19
3.77,5.6
-1.98,29.82
0.34,12.08
2.58,5.18
-3.65,49.22
2.26,5.55
-4.43,60.18
-4.95,68.25
4.83,8.34
-3.6,48.54
0.74,10.1
-1.44,24.76
1.05,8.82
0.68,10.39
-3.51,47.42
2.17,5.68
0.74,10.11
-1.03,21.28
-0.62,18.12
4.36,6.84
4.18,6.4
1.76,6.54
1.78,6.5
-1.95,29.51
-2.43,34.5
2.56,5.2
-2.18,31.88
0.77,9.95
2.84,5.03
-3.23,43.78
-3.26,44.17
4.24,6.53
1.74,6.6
4.46,7.12
-4.57,62.24
2.84,5.02
3.84,5.71
1.91,6.2
2.21,5.63
-3.8,51.19
-2.72,37.68
-3.72,50.13
-3.71,50.07
3.5,5.25
-1.15,22.25
4.04,6.07
1.56,7.06
-2.5,35.28
3.71,5.51
-4.44,60.34
0.09,13.48
-2.49,35.09
-4.62,62.99
0.98,9.07
-2.49,35.13
-4.1,55.43
2.65,5.12
-4.45,60.43
3.0,5.0
1.05,8.79
-1.06,21.45
4.04,6.08
2.83,5.03
1.93,6.14
-1.38,24.19
2.33,5.45
-0.87,19.98
-3.68,49.56
-2.99,40.89
-4.36,59.15
3.59,5.34
4.68,7.81
3.74,5.54
-1.21,22.73
0.92,9.33
-1.33,23.79
-1.21,22.69
-2.42,34.42
-4.99,68.84
-3.36,45.42
-0.47,17.02
0.61,10.73
-4.7,64.25
0.67,10.44
-4.8,65.87
-3.59,48.38
2.03,5.94
2.91,5.01
3.04,5.0
4.34,6.78
4.6,7.55
3.22,5.05
-2.82,38.89
-1.37,24.14
-1.6,26.15
2.3,5.48
3.49,5.24
-0.88,20.03
-0.54,17.5
-0.09,14.58
0.16,13.07
0.33,12.14
-2.29,33.0
